0 0.230914 0.098544 0.028289 0.056985
0 0.144139 0.147026 0.042049 0.045390
0 0.181601 0.161511 0.037462 0.055051
0 0.241999 0.207386 0.045105 0.063743
0 0.205687 0.273544 0.044342 0.060838
0 0.063100 0.293342 0.052753 0.056022
0 0.332980 0.108879 0.038987 0.056022
0 0.301251 0.133507 0.045867 0.035735
0 0.267250 0.181868 0.036106 0.048515
0 0.435212 0.106827 0.027910 0.046581
0 0.424971 0.150816 0.032515 0.048515
0 0.533527 0.222132 0.042247 0.047544
0 0.358283 0.249147 0.025111 0.038176
0 0.332285 0.250757 0.028423 0.040750
0 0.433676 0.340831 0.030471 0.052074
0 0.348286 0.288761 0.028166 0.033316
0 0.331260 0.352963 0.034569 0.040750
0 0.360192 0.350699 0.025856 0.044632
0 0.384386 0.368651 0.025605 0.038493
0 0.409863 0.471500 0.032008 0.046250
0 0.522392 0.424118 0.029697 0.044632
0 0.511382 0.459695 0.028679 0.037522
0 0.518551 0.493658 0.027648 0.039463
0 0.579488 0.609934 0.027648 0.046250
0 0.625320 0.630471 0.035332 0.041397
0 0.387331 0.565136 0.024325 0.035581
0 0.472593 0.656669 0.031496 0.039456
0 0.521112 0.679956 0.025600 0.061456
0 0.444430 0.720871 0.029441 0.041728
0 0.441740 0.766154 0.036356 0.044309
0 0.437002 0.812243 0.038661 0.051750
0 0.371586 0.780706 0.030215 0.042368
0 0.330876 0.868846 0.031240 0.042044
0 0.110428 0.693540 0.026630 0.039463
0 0.096217 0.752893 0.027905 0.041081
0 0.059220 0.754346 0.036356 0.043985
0 0.072532 0.824371 0.030210 0.030728
0 0.118749 0.943721 0.036612 0.038485
0 0.102605 0.876445 0.037154 0.044316
0 0.058708 0.909923 0.035844 0.025875
0 0.030925 0.923018 0.033027 0.037199
0 0.036688 0.879680 0.029185 0.041081
0 0.065364 0.876445 0.029191 0.046904
0 0.265460 0.897952 0.037637 0.041404
0 0.183810 0.561717 0.031647 0.046184
0 0.667459 0.772849 0.035163 0.051184
0 0.786342 0.518368 0.026758 0.042500
0 0.643757 0.161996 0.033638 0.056022
0 0.467154 0.129651 0.030582 0.058934
0 0.918606 0.315555 0.034406 0.052154
1 0.144526 0.048518 0.094802 0.087890
1 0.278699 0.063004 0.084860 0.122654
1 0.512261 0.151857 0.064220 0.099478
1 0.552782 0.093426 0.058102 0.092721
1 0.798193 0.083287 0.105501 0.109132
1 0.875029 0.208838 0.078743 0.120721
1 0.796665 0.224287 0.079511 0.126515
1 0.863559 0.306382 0.064988 0.103338
1 0.660960 0.336801 0.092503 0.096574
1 0.524491 0.287544 0.055047 0.106235
1 0.565777 0.537202 0.059633 0.107199
1 0.633018 0.563276 0.070413 0.095610
1 0.726327 0.555548 0.056577 0.055051
1 0.735119 0.613978 0.074162 0.061809
1 0.694983 0.929787 0.070338 0.127485
1 0.366199 0.909507 0.064296 0.106235
1 0.260693 0.952000 0.056647 0.073397
1 0.175829 0.969724 0.075000 0.060551
1 0.039400 0.788787 0.063458 0.084985
1 0.057750 0.624121 0.061927 0.107199
1 0.121586 0.581625 0.081042 0.087882
