0 0.472887 0.388471 0.038987 0.064706
1 0.039363 0.180346 0.049773 0.084985
0 0.594828 0.922544 0.042811 0.055044
0 0.640664 0.968904 0.056647 0.058912
1 0.315393 0.646335 0.071100 0.101404
1 0.854002 0.970688 0.077980 0.058625
1 0.030978 0.458004 0.061956 0.128449
0 0.419334 0.244088 0.042125 0.061809
0 0.393338 0.285132 0.031426 0.049250
0 0.359319 0.316037 0.041362 0.053118
0 0.668606 0.105500 0.058865 0.064706
0 0.643376 0.750636 0.046636 0.076301
0 0.694983 0.521265 0.039756 0.061809
0 0.714095 0.610599 0.042811 0.043463
0 0.528699 0.033551 0.043580 0.056015
0 0.366237 0.498085 0.038225 0.048287
0 0.385349 0.559412 0.038231 0.041529
0 0.398347 0.597562 0.035169 0.052154
0 0.295134 0.895985 0.051991 0.052147
0 0.180419 0.885364 0.038300 0.063743
0 0.056566 0.878121 0.029127 0.049257
0 0.040931 0.595147 0.045111 0.053118
0 0.074569 0.369636 0.029814 0.048287
0 0.162873 0.341147 0.029051 0.058912
0 0.125410 0.120467 0.036700 0.069537
0 0.209470 0.096805 0.059709 0.078228
0 0.090585 0.045140 0.037538 0.056015
0 0.633399 0.894537 0.054354 0.053118
0 0.505763 0.927371 0.049697 0.072434
0 0.368912 0.246985 0.043574 0.061809
0 0.341391 0.252779 0.037462 0.063735
0 0.017215 0.254710 0.034430 0.057949
0 0.054654 0.247949 0.025303 0.056015
1 0.035183 0.054798 0.070367 0.092713
1 0.461036 0.031261 0.076449 0.062522
1 0.478239 0.078456 0.064988 0.093676
1 0.441924 0.173585 0.099389 0.069537
1 0.324953 0.202077 0.070338 0.105272
1 0.292459 0.263886 0.066513 0.219228
1 0.240090 0.260504 0.062695 0.131346
1 0.215244 0.378331 0.072631 0.088853
1 0.218300 0.522717 0.066519 0.084022
1 0.102093 0.519335 0.075687 0.119757
1 0.076100 0.673375 0.081804 0.113000
1 0.128469 0.855904 0.084098 0.114926
1 0.240087 0.787338 0.088685 0.130382
1 0.424721 0.744360 0.090978 0.102368
1 0.711036 0.680132 0.093271 0.097544
1 0.813484 0.646335 0.096327 0.124581
1 0.639555 0.396195 0.078749 0.107199
1 0.485119 0.323279 0.094034 0.112029
1 0.641083 0.169721 0.064983 0.129412
1 0.586420 0.204971 0.097858 0.147765
1 0.723271 0.258574 0.093271 0.133279
1 0.813865 0.080390 0.081804 0.113000
1 0.867765 0.045746 0.071863 0.091493
