0 0.021016 0.595632 0.037538 0.038632
1 0.343300 0.106945 0.067276 0.092713
1 0.349037 0.201592 0.066513 0.090787
1 0.248498 0.189040 0.070338 0.104301
1 0.582980 0.321349 0.064983 0.127478
1 0.451444 0.142680 0.039069 0.073404
1 0.777934 0.030779 0.139907 0.061559
1 0.918606 0.722147 0.101682 0.144868
1 0.032506 0.412614 0.065012 0.128449
1 0.286688 0.490842 0.097939 0.101404
1 0.124607 0.620257 0.076525 0.124588
1 0.131487 0.740982 0.079587 0.111066
1 0.188062 0.658404 0.071944 0.129412
1 0.507256 0.584040 0.112462 0.166110
1 0.362375 0.640537 0.055122 0.136176
1 0.408667 0.810033 0.069569 0.092713
1 0.350562 0.848180 0.048166 0.169007
1 0.517995 0.714857 0.078749 0.124684
1 0.468685 0.415033 0.070338 0.131346
1 0.612031 0.214629 0.048161 0.066640
1 0.290547 0.939930 0.082573 0.118787
1 0.211036 0.942680 0.088685 0.114640
1 0.935044 0.218978 0.059633 0.067603
1 0.539782 0.377364 0.050460 0.075331
0 0.088329 0.116121 0.055809 0.070507
0 0.261496 0.122882 0.033644 0.043456
0 0.282520 0.108397 0.035937 0.056985
0 0.213329 0.108397 0.027520 0.043456
0 0.100946 0.415996 0.056572 0.083051
0 0.361266 0.365776 0.057340 0.065669
0 0.693836 0.216081 0.045111 0.059882
0 0.740471 0.301066 0.042049 0.071471
0 0.659432 0.705246 0.048166 0.082096
0 0.818836 0.734217 0.030582 0.055051
0 0.602474 0.858805 0.039756 0.049257
0 0.539019 0.939930 0.033638 0.049257
0 0.590626 0.951518 0.038993 0.056978
0 0.914400 0.275956 0.058102 0.050221
0 0.319983 0.286581 0.046636 0.059882
0 0.017192 0.632327 0.031426 0.042493
0 0.034776 0.768504 0.036013 0.075331
0 0.426251 0.570518 0.035937 0.063743
0 0.584086 0.599978 0.045949 0.064706
