1 0.160960 0.385574 0.072631 0.107206
1 0.436572 0.085217 0.079511 0.149699
1 0.308897 0.305897 0.085629 0.113956
1 0.043976 0.352254 0.087951 0.098507
1 0.685044 0.237327 0.097864 0.141007
1 0.639939 0.109846 0.068807 0.121691
1 0.758821 0.426621 0.097095 0.119757
1 0.854767 0.535268 0.076449 0.093684
1 0.692689 0.545408 0.079511 0.090787
1 0.540547 0.585489 0.087159 0.085949
1 0.953009 0.730838 0.046636 0.065676
1 0.618914 0.584040 0.061927 0.077257
0 0.123880 0.123849 0.045873 0.072434
0 0.072657 0.265331 0.041286 0.056015
0 0.235885 0.266783 0.049697 0.049257
0 0.403315 0.561827 0.038993 0.067610
0 0.438868 0.568107 0.038225 0.060846
0 0.509584 0.516919 0.049692 0.053118
0 0.670902 0.399096 0.046636 0.068574
0 0.543225 0.344044 0.046636 0.099471
0 0.852474 0.614463 0.047404 0.068574
0 0.887258 0.597077 0.032875 0.056978
0 0.925067 0.623640 0.033719 0.050221
0 0.896435 0.654062 0.045105 0.072434
0 0.970594 0.656474 0.052747 0.067610
0 0.595975 0.616393 0.049692 0.051184
0 0.613522 0.663717 0.045180 0.058919
0 0.550486 0.646816 0.051985 0.050221
0 0.612031 0.512088 0.046636 0.058912
0 0.493912 0.713456 0.058102 0.073397
0 0.322619 0.851077 0.041362 0.066640
0 0.295480 0.718765 0.040600 0.062779
0 0.113178 0.468147 0.070338 0.077265
0 0.026772 0.594195 0.053545 0.060875
0 0.013775 0.569555 0.027549 0.057949
0 0.063827 0.793614 0.055885 0.069537
0 0.106257 0.839485 0.071944 0.058912
0 0.196510 0.919165 0.056572 0.042493
0 0.348268 0.937515 0.049692 0.044426
0 0.399075 0.974551 0.055122 0.050897
0 0.591388 0.754982 0.045105 0.052154
0 0.631909 0.711956 0.048161 0.055147
0 0.664747 0.835625 0.037538 0.058912
0 0.661685 0.739529 0.042125 0.046353
0 0.615471 0.027397 0.058102 0.054794
0 0.686190 0.040790 0.063452 0.066640
0 0.290166 0.376831 0.046641 0.055147
0 0.092116 0.374467 0.039063 0.077257
0 0.760733 0.849147 0.030582 0.049250
0 0.744296 0.893574 0.042049 0.047324
0 0.832596 0.822588 0.030582 0.056015
0 0.795134 0.871842 0.032107 0.040566
0 0.781374 0.914820 0.024470 0.045390
0 0.805419 0.912404 0.029895 0.042500
0 0.850946 0.889710 0.041286 0.056978
0 0.706793 0.902746 0.034482 0.038625
0 0.961420 0.812930 0.048161 0.059875
0 0.972125 0.779562 0.051222 0.055140
0 0.943070 0.864596 0.034406 0.064706
0 0.896781 0.890673 0.045949 0.060846
0 0.883018 0.808581 0.030658 0.053118
0 0.915928 0.976147 0.033638 0.044426
0 0.926976 0.924960 0.032951 0.059875
0 0.845556 0.956346 0.050530 0.062779
0 0.958705 0.895504 0.039831 0.051184
0 0.962526 0.938963 0.041362 0.055044
0 0.813827 0.952004 0.034476 0.048287
0 0.756871 0.932687 0.039831 0.048287
0 0.991222 0.900331 0.017555 0.053118
0 0.954159 0.983728 0.033638 0.032544
