0 0.805838 0.161029 0.025995 0.028971
0 0.837567 0.139783 0.025227 0.034772
0 0.771444 0.066371 0.027544 0.036669
0 0.642491 0.867004 0.025658 0.027390
0 0.345399 0.635901 0.026991 0.038007
0 0.005239 0.268360 0.010477 0.045868
0 0.020925 0.331460 0.033132 0.048287
0 0.258324 0.208088 0.028987 0.028676
0 0.246444 0.232074 0.031793 0.035574
0 0.220946 0.219941 0.024325 0.039353
1 0.935809 0.745809 0.044342 0.068574
1 0.893760 0.600460 0.048929 0.063743
1 0.935044 0.553136 0.065745 0.073404
1 0.800105 0.251816 0.077218 0.067603
1 0.860885 0.232982 0.038231 0.085949
1 0.975943 0.360463 0.046636 0.093676
1 0.901406 0.415996 0.050460 0.119757
1 0.742384 0.340180 0.056572 0.099478
1 0.290547 0.617846 0.048929 0.061809
1 0.342916 0.417930 0.060396 0.081125
0 0.666656 0.839489 0.032183 0.039596
0 0.987369 0.060110 0.025262 0.047279
