0 0.600946 0.432897 0.058108 0.066632
0 0.284814 0.300585 0.054284 0.080154
1 0.436219 0.179151 0.082567 0.099669
1 0.455946 0.403982 0.105501 0.108934
1 0.462366 0.501912 0.092660 0.103147
1 0.464203 0.618382 0.077986 0.125162
1 0.168329 0.741812 0.100920 0.158772
0 0.271819 0.217529 0.038993 0.051191
0 0.257290 0.158614 0.052753 0.056978
0 0.790931 0.724562 0.051222 0.066640
0 0.778315 0.861699 0.061158 0.058912
0 0.558513 0.873290 0.038993 0.066640
0 0.689630 0.983386 0.032113 0.028007
0 0.740471 0.986287 0.037462 0.018353
0 0.847887 0.920614 0.047404 0.068566
0 0.581831 0.983871 0.029051 0.030904
0 0.538638 0.153305 0.055809 0.040566
0 0.409048 0.088114 0.036700 0.051184
1 0.700294 0.025949 0.049005 0.051897
1 0.585274 0.054312 0.069569 0.076301
1 0.636077 0.973103 0.071944 0.053794
1 0.907852 0.635228 0.063551 0.098515
1 0.565396 0.589835 0.063458 0.073404
0 0.952628 0.499051 0.058108 0.050221
1 0.543990 0.514504 0.066513 0.069537
0 0.638789 0.080390 0.052747 0.062779
0 0.542808 0.206871 0.065838 0.060963
0 0.598653 0.485048 0.053522 0.060846
