1 0.770288 0.695588 0.077212 0.107206
0 0.118108 0.219945 0.039069 0.063743
0 0.120786 0.324246 0.038300 0.054081
0 0.261458 0.296239 0.036769 0.046360
0 0.417421 0.184210 0.036775 0.071463
0 0.344790 0.140265 0.042887 0.058912
0 0.192305 0.135437 0.046636 0.047316
0 0.254235 0.073147 0.048166 0.056015
1 0.698423 0.893092 0.055809 0.081125
1 0.298196 0.846732 0.084098 0.094640
1 0.239325 0.769471 0.068813 0.106235
1 0.206414 0.610599 0.055122 0.076301
1 0.173155 0.565691 0.051304 0.079191
1 0.143719 0.503397 0.064296 0.068574
1 0.094790 0.427585 0.052061 0.102375
1 0.104005 0.562599 0.103213 0.102375
0 0.977459 0.717316 0.045081 0.083059
0 0.898690 0.659853 0.055891 0.070500
0 0.894485 0.486496 0.062765 0.083051
0 0.738522 0.377364 0.061234 0.069537
0 0.702971 0.287548 0.062008 0.086919
0 0.917421 0.030779 0.088766 0.061559
0 0.979756 0.262919 0.040489 0.062779
0 0.508056 0.647298 0.045111 0.037669
0 0.391083 0.529956 0.048161 0.054088
0 0.578009 0.667099 0.038231 0.059875
0 0.464098 0.690761 0.030582 0.051184
0 0.793949 0.955864 0.042125 0.046360
0 0.585614 0.898401 0.035244 0.058919
0 0.583705 0.934618 0.023778 0.036706
0 0.419334 0.975518 0.045186 0.048963
0 0.485847 0.907096 0.034476 0.053118
0 0.383018 0.889224 0.035244 0.052154
0 0.307712 0.783474 0.039069 0.055051
0 0.396781 0.688827 0.041362 0.082096
0 0.291275 0.391368 0.045949 0.066632
0 0.418949 0.437728 0.044418 0.053118
0 0.391464 0.203526 0.029051 0.059875
0 0.417037 0.284169 0.034482 0.053118
0 0.390320 0.322316 0.032875 0.052147
0 0.262643 0.342596 0.048161 0.046353
0 0.327971 0.277408 0.044418 0.056978
0 0.296624 0.333904 0.041362 0.046353
0 0.040125 0.436279 0.037538 0.056015
0 0.290166 0.072180 0.034406 0.084993
0 0.333743 0.079904 0.049697 0.067603
0 0.404080 0.067349 0.032875 0.075331
0 0.425829 0.076526 0.026071 0.043463
0 0.470175 0.159099 0.042887 0.071463
0 0.613137 0.522232 0.055122 0.069537
0 0.522928 0.412614 0.041362 0.060846
0 0.652896 0.407787 0.049005 0.058912
1 0.524494 0.060588 0.085623 0.115897
1 0.663257 0.243412 0.059633 0.099471
1 0.829921 0.233463 0.069575 0.106235
1 0.937337 0.307346 0.062695 0.084029
1 0.731679 0.449313 0.048935 0.056978
1 0.723650 0.499051 0.051222 0.059882
1 0.825335 0.657923 0.057340 0.099478
0 0.088292 0.131574 0.036013 0.043456
1 0.950320 0.874739 0.099360 0.125551
1 0.664403 0.940893 0.064220 0.089816
