0 0.669141 0.301842 0.045873 0.052154
0 0.143912 0.433669 0.047404 0.062779
0 0.058286 0.478096 0.045873 0.053118
0 0.012707 0.446224 0.025413 0.055051
0 0.022733 0.304254 0.038993 0.045390
0 0.129002 0.812739 0.043580 0.057949
0 0.267384 0.907382 0.068038 0.071471
0 0.186720 0.325107 0.032811 0.041919
0 0.072421 0.052176 0.031339 0.043779
1 0.254188 0.039838 0.060099 0.072191
1 0.120538 0.368886 0.065629 0.064272
1 0.097678 0.447132 0.061944 0.100603
1 0.584985 0.635335 0.143999 0.116816
1 0.559884 0.352463 0.093795 0.128500
1 0.629901 0.200596 0.072666 0.155206
