0 0.393376 0.588868 0.054284 0.067603
1 0.496586 0.510640 0.075687 0.067603
1 0.712186 0.402474 0.038993 0.077257
1 0.664019 0.018224 0.049692 0.036449
1 0.393722 0.668063 0.075000 0.142934
1 0.655227 0.818243 0.059627 0.064706
1 0.675829 0.767540 0.047480 0.098507
1 0.886112 0.851562 0.084098 0.102375
1 0.715242 0.564243 0.097095 0.099471
1 0.552014 0.388474 0.114680 0.134243
1 0.734738 0.277404 0.090210 0.182529
0 0.683513 0.459456 0.047398 0.050221
0 0.795099 0.327143 0.045949 0.065669
0 0.583361 0.494221 0.050460 0.056015
0 0.682366 0.326180 0.035931 0.048287
0 0.789403 0.573901 0.057340 0.087890
0 0.752704 0.622188 0.038993 0.045390
0 0.634203 0.696074 0.054284 0.056015
0 0.335658 0.677713 0.038231 0.059868
0 0.063484 0.409235 0.055047 0.086926
