0 0.629578 0.094875 0.032951 0.062779
0 0.846359 0.161515 0.045873 0.056985
0 0.911726 0.147993 0.034406 0.045397
0 0.913254 0.204007 0.043574 0.062779
1 0.802014 0.554099 0.074924 0.125551
1 0.962934 0.614463 0.074133 0.109132
1 0.953737 0.465250 0.045180 0.086926
1 0.881906 0.522232 0.066513 0.096581
1 0.883821 0.738033 0.064220 0.138199
1 0.774875 0.038379 0.071100 0.065669
1 0.725562 0.182279 0.085629 0.084985
1 0.876176 0.461386 0.056577 0.073404
0 0.854761 0.024982 0.053527 0.049963
0 0.691158 0.036449 0.044342 0.056015
1 0.963714 0.750107 0.068044 0.104404
1 0.884203 0.956684 0.069569 0.086632
1 0.455303 0.955864 0.069569 0.067610
1 0.735503 0.371088 0.087154 0.138103
1 0.475946 0.187107 0.080274 0.135213
0 0.946473 0.686897 0.038300 0.056985
0 0.905573 0.630882 0.037538 0.053118
0 0.919753 0.509676 0.038225 0.056015
0 0.846740 0.533338 0.038987 0.047324
0 0.895669 0.593699 0.034400 0.044426
0 0.954156 0.345496 0.035169 0.057949
0 0.806185 0.468147 0.051298 0.067603
0 0.801633 0.703798 0.058865 0.071463
0 0.191542 0.196761 0.069569 0.075331
0 0.052782 0.277886 0.058102 0.081125
0 0.244293 0.333423 0.075687 0.078228
0 0.311575 0.960691 0.057340 0.073397
0 0.594828 0.438210 0.041286 0.071463
0 0.626938 0.408268 0.056577 0.069537
0 0.610885 0.165860 0.039756 0.065676
0 0.684278 0.098257 0.042817 0.050221
