0 0.238906 0.289963 0.048242 0.093676
0 0.883056 0.250849 0.051991 0.059875
0 0.892229 0.411651 0.042817 0.060846
0 0.939249 0.475393 0.045111 0.084022
0 0.952971 0.577765 0.048236 0.085956
0 0.867346 0.623154 0.048242 0.062779
0 0.736609 0.498570 0.054360 0.068566
0 0.890664 0.697033 0.027602 0.069537
0 0.945329 0.737114 0.037538 0.072434
0 0.967116 0.796511 0.039831 0.073404
0 0.686153 0.831761 0.066589 0.076301
0 0.685006 0.958279 0.056647 0.064706
0 0.635311 0.940412 0.044418 0.071471
0 0.139133 0.916268 0.036775 0.059875
0 0.126519 0.971173 0.045180 0.057654
0 0.130341 0.458926 0.045186 0.055147
0 0.335617 0.303967 0.045949 0.063743
0 0.811956 0.182761 0.041281 0.082096
0 0.754616 0.102118 0.036694 0.073397
0 0.299724 0.026915 0.045873 0.053831
1 0.038981 0.946687 0.036775 0.078228
1 0.067651 0.963592 0.045186 0.065669
1 0.091353 0.917232 0.068120 0.069537
1 0.086382 0.857838 0.058178 0.066632
1 0.164785 0.391368 0.063458 0.101412
1 0.573804 0.310243 0.069575 0.132309
1 0.088673 0.804239 0.036775 0.065669
1 0.562718 0.675305 0.081036 0.087890
1 0.073423 0.127710 0.070338 0.095610
1 0.190015 0.155235 0.066513 0.088853
1 0.616237 0.147993 0.082567 0.101412
0 0.104348 0.252298 0.036007 0.056978
0 0.112375 0.184691 0.049010 0.056985
0 0.012986 0.039342 0.024540 0.057949
0 0.027896 0.084250 0.045186 0.058912
0 0.131106 0.329074 0.040594 0.050221
0 0.728239 0.021121 0.045105 0.042243
0 0.984357 0.048518 0.026758 0.062772
0 0.929310 0.165379 0.038993 0.084022
