1 0.712948 0.902746 0.095570 0.142934
0 0.023728 0.111776 0.036700 0.061816
0 0.058894 0.090044 0.044342 0.058912
0 0.081834 0.067835 0.032107 0.056978
0 0.108210 0.019187 0.049692 0.038375
0 0.225143 0.036930 0.036013 0.051184
0 0.195326 0.022085 0.045180 0.044169
0 0.297427 0.049000 0.065751 0.057941
0 0.234357 0.091493 0.049692 0.061809
0 0.169753 0.135919 0.068807 0.061809
0 0.286345 0.249401 0.046636 0.062772
0 0.291313 0.297206 0.048935 0.048294
0 0.451863 0.209320 0.053516 0.063743
0 0.515698 0.256158 0.042049 0.066640
0 0.589057 0.050449 0.057416 0.074368
0 0.438065 0.011463 0.053591 0.022926
0 0.043225 0.464768 0.040524 0.062772
0 0.084852 0.428551 0.039831 0.048294
0 0.167803 0.536721 0.046711 0.044426
0 0.195326 0.592250 0.046717 0.060838
0 0.291275 0.586456 0.038300 0.064706
0 0.319945 0.604324 0.029889 0.050221
0 0.321473 0.481184 0.051304 0.062779
0 0.606260 0.293824 0.052066 0.068574
0 0.499607 0.316518 0.042125 0.054081
0 0.556182 0.368188 0.045180 0.056978
0 0.683475 0.295272 0.038300 0.065676
0 0.646781 0.331007 0.050536 0.057941
0 0.656717 0.381710 0.049010 0.060846
0 0.722849 0.431449 0.049773 0.057941
0 0.595937 0.468147 0.043655 0.054088
0 0.674686 0.635228 0.052829 0.071471
0 0.649875 0.681585 0.050460 0.057949
0 0.722122 0.711522 0.052753 0.073397
0 0.279462 0.934132 0.054278 0.058912
0 0.170134 0.794096 0.054284 0.070500
1 0.152552 0.045265 0.061927 0.090529
1 0.300105 0.090482 0.051222 0.071566
1 0.360501 0.106945 0.060396 0.081125
1 0.281374 0.164893 0.099383 0.096581
1 0.514936 0.081357 0.069569 0.111066
1 0.510731 0.179864 0.129971 0.093684
1 0.394907 0.453176 0.072631 0.087882
1 0.560425 0.423239 0.079511 0.066640
1 0.626941 0.419375 0.050460 0.087882
1 0.673577 0.768989 0.068807 0.111066
1 0.473650 0.743397 0.077218 0.156456
1 0.365815 0.700415 0.052829 0.130375
1 0.338292 0.738081 0.036013 0.124588
1 0.352820 0.954754 0.089529 0.090493
1 0.039770 0.737599 0.079540 0.158390
1 0.135731 0.393301 0.043580 0.109132
1 0.085998 0.358051 0.065058 0.106235
1 0.026391 0.274511 0.052782 0.111066
