0 0.196129 0.649713 0.031350 0.063735
0 0.225946 0.634261 0.034406 0.071463
0 0.241237 0.782989 0.045105 0.048287
0 0.255000 0.837993 0.042049 0.058044
0 0.334889 0.862136 0.039756 0.077360
1 0.317686 0.330040 0.097095 0.108169
1 0.556985 0.677239 0.060396 0.132316
1 0.618149 0.565210 0.068044 0.157419
1 0.490471 0.598044 0.092503 0.107206
1 0.407902 0.669511 0.074162 0.122654
1 0.449569 0.795544 0.073399 0.115897
1 0.239325 0.716353 0.055041 0.083059
1 0.176251 0.915301 0.080279 0.108162
1 0.303164 0.786853 0.057340 0.088853
1 0.329921 0.719246 0.035931 0.092713
1 0.361228 0.753051 0.051304 0.123618
1 0.084127 0.694625 0.076449 0.114926
1 0.027520 0.521221 0.050547 0.100529
1 0.074188 0.512574 0.055047 0.104309
1 0.031755 0.334871 0.043580 0.081125
0 0.092154 0.109360 0.040524 0.062779
0 0.130378 0.035482 0.068044 0.052154
0 0.109738 0.067835 0.051222 0.045390
0 0.118519 0.385077 0.045850 0.059846
0 0.344066 0.617360 0.041286 0.068574
0 0.303545 0.982279 0.051991 0.035441
0 0.203391 0.984691 0.041286 0.030618
1 0.145288 0.574382 0.093277 0.086926
0 0.293225 0.141232 0.049697 0.056978
0 0.417459 0.074110 0.053522 0.073397
0 0.274494 0.230566 0.048929 0.063735
0 0.855151 0.187107 0.043574 0.075331
0 0.892229 0.180346 0.045867 0.088853
0 0.975180 0.427585 0.038987 0.084993
0 0.498117 0.825485 0.045105 0.071471
0 0.897200 0.311695 0.063458 0.081125
0 0.247352 0.497603 0.038987 0.043456
0 0.151022 0.636191 0.040518 0.046353
0 0.116618 0.657923 0.037462 0.055051
0 0.043606 0.630397 0.033638 0.054088
0 0.080684 0.772849 0.038993 0.062772
0 0.138408 0.803757 0.050460 0.058912
