0 0.316886 0.291893 0.026834 0.047316
0 0.952628 0.233463 0.050460 0.059882
0 0.841772 0.232015 0.041286 0.066632
0 0.842154 0.294309 0.052747 0.056015
0 0.967154 0.473460 0.045867 0.074360
0 0.921283 0.486496 0.042811 0.054081
0 0.946510 0.532857 0.042811 0.054081
0 0.918225 0.669029 0.045867 0.092721
0 0.865090 0.587419 0.035931 0.058912
0 0.836420 0.491327 0.042817 0.065669
0 0.845937 0.434294 0.048242 0.063838
0 0.793606 0.429515 0.053522 0.056015
0 0.980137 0.730838 0.039726 0.057941
0 0.845594 0.973585 0.055041 0.052831
0 0.985489 0.890191 0.029022 0.063735
0 0.443836 0.790235 0.051222 0.062779
0 0.346359 0.775261 0.065745 0.075331
0 0.216388 0.736151 0.041286 0.049257
0 0.021039 0.723114 0.042078 0.065669
0 0.043568 0.610599 0.041362 0.058919
0 0.076825 0.598526 0.037538 0.048287
0 0.217535 0.667581 0.049692 0.045397
0 0.132672 0.564243 0.046636 0.039603
0 0.093682 0.563276 0.045105 0.051184
0 0.106295 0.526577 0.033638 0.051184
0 0.117384 0.310243 0.074162 0.070500
0 0.408286 0.496640 0.062695 0.087882
1 0.276022 0.575349 0.062695 0.054081
1 0.300480 0.640066 0.077969 0.085015
0 0.987782 0.225739 0.024435 0.065669
0 0.241618 0.827897 0.039756 0.068574
1 0.676251 0.135437 0.095565 0.084022
1 0.735119 0.204007 0.106269 0.066632
1 0.741234 0.266301 0.112386 0.084985
1 0.717154 0.343562 0.097858 0.084993
1 0.732445 0.437243 0.100920 0.112029
1 0.851289 0.365776 0.069645 0.096581
1 0.723615 0.626533 0.080349 0.096581
1 0.679692 0.786371 0.074924 0.124581
1 0.461420 0.609636 0.054284 0.072434
1 0.184659 0.608669 0.066513 0.097544
1 0.257290 0.262923 0.069575 0.134243
1 0.067270 0.664684 0.068882 0.087882
1 0.271013 0.877636 0.074237 0.125551
1 0.014921 0.619290 0.029843 0.089816
