0 0.647197 0.092463 0.057340 0.056015
0 0.665166 0.042533 0.055815 0.072434
0 0.715242 0.115158 0.049692 0.055051
0 0.707599 0.475390 0.057340 0.068574
0 0.887643 0.693173 0.042817 0.073404
0 0.921281 0.672893 0.039756 0.052154
0 0.950716 0.697037 0.040524 0.061809
0 0.929307 0.730353 0.042049 0.058912
0 0.645669 0.591283 0.054284 0.068566
0 0.550486 0.589838 0.047398 0.050221
0 0.576100 0.412132 0.046636 0.084985
0 0.477820 0.648746 0.039831 0.057949
0 0.435806 0.641989 0.041286 0.059875
0 0.321129 0.451732 0.055041 0.048287
0 0.274109 0.333419 0.049697 0.064706
0 0.160579 0.200147 0.053522 0.058912
0 0.099034 0.346460 0.045111 0.056022
0 0.123498 0.440625 0.042049 0.058912
0 0.153699 0.541548 0.056572 0.071463
0 0.038638 0.649713 0.037462 0.036706
0 0.331449 0.795062 0.043574 0.055051
0 0.527168 0.781544 0.052753 0.064706
0 0.580684 0.722629 0.038993 0.051184
0 0.631144 0.689309 0.049692 0.056015
0 0.645288 0.735665 0.051985 0.054081
0 0.659048 0.785404 0.045873 0.055044
0 0.696510 0.812926 0.042811 0.056015
0 0.627322 0.834176 0.045111 0.050221
0 0.354005 0.924960 0.053516 0.057949
0 0.308134 0.872324 0.050460 0.056985
0 0.101708 0.898882 0.082567 0.088853
0 0.060387 0.674824 0.041356 0.065676
0 0.015306 0.772849 0.030611 0.072434
0 0.313868 0.022570 0.035931 0.045140
0 0.788172 0.923404 0.039080 0.043779
0 0.781167 0.961831 0.039820 0.036794
0 0.826516 0.949489 0.042031 0.040051
0 0.865413 0.896393 0.035029 0.061478
0 0.695262 0.913393 0.034657 0.046110
0 0.880899 0.966254 0.034290 0.044713
0 0.898781 0.930625 0.029494 0.047971
0 0.836653 0.984993 0.032817 0.030015
0 0.816007 0.985224 0.030605 0.029551
0 0.916662 0.960669 0.023231 0.040985
0 0.936202 0.978471 0.029866 0.043059
0 0.917581 0.878463 0.026548 0.036794
0 0.985338 0.884518 0.029325 0.047037
0 0.973257 0.935283 0.040553 0.068463
0 0.984601 0.979401 0.030797 0.041199
1 0.035634 0.166864 0.071269 0.161096
1 0.462549 0.147743 0.070640 0.169206
1 0.365763 0.105441 0.077066 0.107779
1 0.339616 0.374893 0.088987 0.129801
1 0.667136 0.180191 0.076147 0.125162
1 0.711636 0.311151 0.104587 0.169199
1 0.785489 0.497739 0.090827 0.150654
1 0.889613 0.622904 0.078900 0.104309
1 0.716173 0.606099 0.091834 0.142551
1 0.570303 0.652456 0.078987 0.105456
1 0.057963 0.433996 0.114680 0.106625
1 0.196039 0.454860 0.082567 0.108941
