1 0.715242 0.354669 0.066513 0.141971
1 0.688102 0.486978 0.065751 0.103338
0 0.411688 0.399577 0.029895 0.048287
0 0.433856 0.430000 0.032951 0.055044
0 0.466391 0.432897 0.030582 0.051191
0 0.134584 0.280301 0.050460 0.053118
0 0.379235 0.285614 0.055047 0.059875
0 0.332215 0.272581 0.043580 0.047324
0 0.308516 0.232496 0.046636 0.046360
0 0.352855 0.193868 0.048166 0.061809
0 0.308132 0.177449 0.030582 0.056015
0 0.278318 0.176482 0.035169 0.059875
0 0.284048 0.065901 0.066513 0.076301
0 0.105533 0.044173 0.053522 0.065669
0 0.053164 0.059625 0.043580 0.059882
0 0.029843 0.092460 0.039756 0.052154
0 0.121967 0.565691 0.037462 0.065676
0 0.085655 0.571004 0.047398 0.055051
0 0.033667 0.910474 0.051991 0.057949
0 0.055457 0.870393 0.049692 0.066640
0 0.114706 0.834658 0.045873 0.055051
0 0.146051 0.807618 0.050460 0.062779
0 0.229386 0.823551 0.048935 0.079191
0 0.673958 0.807618 0.037462 0.064706
0 0.810044 0.975518 0.049692 0.048963
0 0.982811 0.887776 0.034377 0.060846
0 0.708743 0.966485 0.047404 0.044426
0 0.699951 0.925441 0.043580 0.049250
0 0.617002 0.914816 0.048929 0.064706
0 0.636115 0.658890 0.042811 0.062779
0 0.670899 0.617360 0.052753 0.051191
0 0.685428 0.665651 0.048166 0.055051
0 0.715204 0.634261 0.040594 0.063743
0 0.745058 0.678687 0.058871 0.073404
0 0.894141 0.714904 0.057340 0.062779
0 0.933132 0.681103 0.046636 0.082088
0 0.921281 0.543960 0.048929 0.068566
0 0.841388 0.479254 0.061927 0.056978
0 0.810806 0.434346 0.052753 0.057941
0 0.613559 0.292375 0.043580 0.065676
0 0.563100 0.383640 0.052753 0.064706
0 0.498882 0.336801 0.058871 0.065676
0 0.863562 0.080386 0.046636 0.072434
0 0.405227 0.453658 0.036694 0.057949
0 0.427014 0.475393 0.028289 0.045390
0 0.484700 0.496636 0.044418 0.055051
0 0.448041 0.500982 0.045873 0.052154
0 0.403318 0.503397 0.055809 0.035735
0 0.378850 0.529960 0.051228 0.042493
0 0.279080 0.395717 0.036694 0.063743
0 0.269907 0.345493 0.044342 0.061809
0 0.312299 0.423721 0.040594 0.059882
0 0.271051 0.451246 0.043580 0.058919
0 0.769869 0.535750 0.053591 0.077265
1 0.367727 0.355636 0.073475 0.105272
1 0.313830 0.345011 0.062002 0.124581
1 0.612756 0.028846 0.098702 0.057691
1 0.150218 0.619776 0.081880 0.108169
1 0.062718 0.644882 0.100920 0.106235
1 0.055076 0.735665 0.079511 0.119757
0 0.769904 0.466217 0.045873 0.075331
1 0.754232 0.773816 0.086391 0.130382
1 0.707215 0.875221 0.064220 0.076294
1 0.748498 0.958618 0.062689 0.082765
1 0.974785 0.812445 0.050431 0.111066
1 0.744677 0.200629 0.096327 0.081125
1 0.752707 0.274511 0.077218 0.105272
