0 0.148824 0.049504 0.032386 0.046949
0 0.256228 0.048099 0.039290 0.046949
0 0.297907 0.152051 0.040879 0.055000
0 0.270829 0.225158 0.032381 0.041581
0 0.326577 0.211408 0.032386 0.038228
0 0.363475 0.190952 0.038231 0.053654
0 0.412849 0.458217 0.041414 0.042257
0 0.252776 0.448154 0.036636 0.035544
0 0.410195 0.069893 0.038225 0.039566
0 0.410198 0.035687 0.040349 0.039566
0 0.485320 0.029316 0.037695 0.048294
0 0.465146 0.294235 0.052561 0.049632
0 0.532576 0.299937 0.039820 0.048963
0 0.748923 0.162783 0.036100 0.049625
0 0.700608 0.180893 0.043533 0.034875
0 0.709104 0.211070 0.036100 0.036213
0 0.750751 0.200338 0.043062 0.026824
0 0.748632 0.226162 0.034563 0.036882
0 0.762436 0.258353 0.035629 0.042250
0 0.769869 0.315695 0.035629 0.046949
0 0.747037 0.284846 0.035623 0.038897
0 0.734299 0.252651 0.027130 0.041581
0 0.716246 0.254665 0.022887 0.057684
0 0.828030 0.055809 0.038225 0.040912
0 0.710696 0.373375 0.027608 0.033529
0 0.740137 0.372037 0.031380 0.037559
0 0.699255 0.467607 0.033504 0.055669
0 0.587788 0.495776 0.026019 0.032860
0 0.634776 0.647011 0.041414 0.046949
0 0.669287 0.740570 0.032916 0.065051
0 0.792992 0.623540 0.029732 0.041581
0 0.753443 0.666787 0.028155 0.036868
0 0.587788 0.838489 0.036636 0.046272
0 0.516115 0.905893 0.038760 0.036213
0 0.470454 0.966257 0.037695 0.050971
0 0.706185 0.823401 0.044069 0.048287
0 0.633449 0.249971 0.034511 0.040235
0 0.620719 0.188268 0.033475 0.032199
0 0.590710 0.163452 0.033981 0.034875
0 0.879264 0.112482 0.046187 0.041581
0 0.848204 0.143335 0.046723 0.046949
0 0.899971 0.156746 0.043003 0.046949
0 0.852453 0.198996 0.030797 0.040243
0 0.876877 0.201680 0.027608 0.054993
0 0.901298 0.204702 0.029732 0.044934
0 0.932093 0.191283 0.028667 0.031522
0 0.963682 0.176195 0.036630 0.033537
0 0.967928 0.139309 0.038754 0.052309
0 0.891982 0.249636 0.041997 0.044934
0 0.861478 0.244607 0.030792 0.041581
0 0.694770 0.310665 0.029726 0.043596
0 0.722907 0.342522 0.042474 0.032191
0 0.844066 0.588618 0.033184 0.045265
0 0.827916 0.505621 0.027427 0.044713
0 0.825923 0.463143 0.034953 0.048066
0 0.816412 0.418710 0.039820 0.053096
0 0.849153 0.425143 0.031857 0.053654
0 0.873929 0.301342 0.031851 0.036331
0 0.869060 0.326217 0.038050 0.032419
0 0.869948 0.357232 0.032736 0.037449
0 0.900917 0.360868 0.032742 0.039118
0 0.909764 0.404739 0.035396 0.040801
0 0.863309 0.474324 0.033626 0.043588
0 0.892290 0.494165 0.027875 0.044154
0 0.864415 0.392445 0.038492 0.031860
0 0.919278 0.291842 0.020792 0.046390
0 0.983431 0.338232 0.032299 0.036331
0 0.942285 0.377357 0.030530 0.044154
0 0.930119 0.452246 0.020355 0.046390
1 0.088033 0.073985 0.079639 0.116029
1 0.235047 0.187529 0.091851 0.085176
1 0.203987 0.468210 0.073271 0.091213
1 0.939313 0.050040 0.070081 0.089199
1 0.699601 0.029548 0.089726 0.059096
1 0.782424 0.090283 0.074860 0.114684
1 0.668807 0.133875 0.046193 0.090544
1 0.605364 0.104702 0.063708 0.108654
1 0.537934 0.211673 0.079639 0.107978
1 0.478207 0.135217 0.073795 0.089199
1 0.804459 0.229449 0.063714 0.087191
1 0.827288 0.297518 0.062654 0.057007
1 0.824633 0.362243 0.065832 0.087191
1 0.600850 0.417908 0.104587 0.105963
1 0.506877 0.441382 0.057875 0.063044
1 0.660047 0.502412 0.069022 0.080485
1 0.644916 0.576187 0.074860 0.068404
1 0.765966 0.558077 0.059988 0.065728
1 0.728801 0.622467 0.076985 0.067066
1 0.706237 0.708982 0.072206 0.079140
1 0.760658 0.782757 0.067427 0.096574
1 0.358219 0.717029 0.093970 0.108647
0 0.301676 0.727092 0.043539 0.061699
0 0.710655 0.861507 0.041286 0.045397
