0 0.096359 0.623154 0.067282 0.060838
1 0.635349 0.147993 0.084098 0.172868
1 0.740856 0.249882 0.065751 0.139074
1 0.735119 0.128676 0.098620 0.105265
0 0.219063 0.045136 0.046636 0.065669
0 0.159814 0.158618 0.050454 0.076294
0 0.068455 0.048033 0.038993 0.063743
0 0.299724 0.302515 0.056572 0.091750
0 0.113944 0.244085 0.059633 0.063743
0 0.043225 0.168757 0.051222 0.077265
0 0.174724 0.467184 0.075687 0.079191
0 0.120821 0.399096 0.048929 0.068574
0 0.152934 0.367710 0.067276 0.086919
0 0.785198 0.475390 0.053516 0.070500
0 0.699951 0.342114 0.054278 0.072434
0 0.679692 0.278857 0.044342 0.065669
0 0.617384 0.031261 0.057340 0.062522
0 0.183132 0.565691 0.045111 0.077265
0 0.112794 0.688346 0.060396 0.073397
0 0.172427 0.725044 0.042049 0.077265
0 0.201863 0.784923 0.050454 0.065669
0 0.266467 0.638121 0.063458 0.086919
0 0.300486 0.815827 0.061158 0.079199
0 0.722890 0.947173 0.061927 0.092713
0 0.461039 0.957312 0.042811 0.060846
0 0.428929 0.970206 0.044342 0.059588
0 0.314249 0.956831 0.044342 0.052147
0 0.352855 0.978897 0.052753 0.042206
0 0.293987 0.980346 0.055809 0.039309
0 0.867768 0.869430 0.055047 0.072434
0 0.880378 0.824522 0.042049 0.056015
0 0.743914 0.550239 0.055047 0.086919
