0 0.130439 0.067195 0.063300 0.070699
0 0.082276 0.120504 0.053213 0.075331
0 0.207503 0.337224 0.043120 0.063743
0 0.068513 0.589294 0.045873 0.048676
0 0.068513 0.646081 0.045873 0.064897
0 0.264386 0.640287 0.037619 0.074176
0 0.317139 0.603779 0.036700 0.073015
0 0.322643 0.478618 0.053213 0.066059
0 0.179983 0.452540 0.033946 0.050993
0 0.326313 0.315783 0.040367 0.081125
0 0.429066 0.301301 0.055047 0.042882
0 0.363469 0.345919 0.039453 0.060265
0 0.421726 0.358085 0.042206 0.056787
0 0.675809 0.125724 0.036787 0.050993
0 0.718926 0.201629 0.045966 0.056787
0 0.745533 0.234658 0.056967 0.050993
0 0.810212 0.274643 0.045047 0.068375
0 0.978751 0.274643 0.042497 0.091551
0 0.787276 0.359246 0.048719 0.070699
0 0.747826 0.360985 0.043207 0.085765
0 0.730396 0.308831 0.050547 0.060265
0 0.653792 0.348239 0.049633 0.057949
0 0.666176 0.402710 0.043213 0.050993
0 0.661129 0.453118 0.047800 0.054471
0 0.710212 0.542357 0.050553 0.082287
0 0.868929 0.467029 0.065227 0.066059
0 0.818929 0.568434 0.066147 0.074176
0 0.812046 0.928860 0.052381 0.078809
0 0.495207 0.408059 0.032078 0.049368
0 0.540923 0.467206 0.036502 0.056824
0 0.424601 0.539629 0.040553 0.048904
0 0.462576 0.538232 0.040553 0.062875
0 0.357680 0.709864 0.029866 0.044713
0 0.393999 0.715452 0.038347 0.066140
0 0.434555 0.725232 0.036129 0.063346
0 0.449302 0.780187 0.038347 0.055890
0 0.509214 0.713125 0.026915 0.068000
0 0.523594 0.825132 0.029866 0.050765
0 0.297587 0.778327 0.036502 0.047507
0 0.470134 0.697055 0.037974 0.046110
0 0.466816 0.643257 0.031339 0.059618
0 0.572448 0.790669 0.045722 0.055426
0 0.495573 0.848423 0.029866 0.057287
0 0.424601 0.922011 0.033917 0.049831
0 0.364872 0.939243 0.041292 0.041456
0 0.226059 0.958338 0.035029 0.052632
0 0.259980 0.960202 0.032078 0.047037
0 0.367267 0.978132 0.034290 0.039118
0 0.398056 0.974640 0.030233 0.038662
0 0.497416 0.963228 0.029127 0.054956
0 0.523228 0.928298 0.034290 0.055890
0 0.189191 0.778092 0.033551 0.040522
0 0.215183 0.854011 0.027282 0.047978
0 0.079136 0.950886 0.039820 0.041449
0 0.041895 0.390125 0.052357 0.059147
1 0.046406 0.056415 0.088993 0.098507
1 0.046406 0.517673 0.054127 0.110096
1 0.100992 0.540272 0.060553 0.095029
1 0.217506 0.458566 0.051380 0.130956
1 0.515669 0.378022 0.056880 0.083441
1 0.618423 0.288206 0.102747 0.089235
1 0.596406 0.422059 0.078900 0.115897
1 0.617506 0.535636 0.067887 0.129801
1 0.634022 0.698456 0.062340 0.119412
1 0.763836 0.875202 0.061467 0.104301
1 0.924846 0.290522 0.078900 0.156456
1 0.700992 0.042985 0.084406 0.085971
1 0.121176 0.874040 0.067893 0.081125
1 0.521633 0.553018 0.063300 0.106625
1 0.483102 0.462621 0.076147 0.099669
