0 0.465585 0.023051 0.049005 0.046103
0 0.565358 0.025949 0.054360 0.051897
0 0.505763 0.287066 0.049697 0.074368
0 0.491618 0.346460 0.053516 0.063743
0 0.154080 0.522713 0.055809 0.060838
0 0.451863 0.629434 0.056577 0.084985
0 0.606295 0.569070 0.055047 0.060846
0 0.428929 0.706695 0.062689 0.084993
0 0.373501 0.868945 0.057340 0.077257
0 0.430838 0.812930 0.054284 0.077257
0 0.576863 0.778158 0.046636 0.075331
0 0.622733 0.731320 0.048166 0.068566
0 0.674721 0.685926 0.055809 0.053118
0 0.673958 0.733254 0.060396 0.055051
0 0.799724 0.631846 0.051985 0.064706
0 0.867727 0.746772 0.045943 0.076294
0 0.810003 0.457522 0.042125 0.073397
0 0.977459 0.315555 0.045081 0.084993
0 0.949188 0.923511 0.048166 0.068566
0 0.386112 0.956349 0.058102 0.066640
0 0.013393 0.271614 0.026787 0.089816
1 0.406374 0.268232 0.118498 0.220199
1 0.347506 0.420824 0.098620 0.135206
1 0.557369 0.406820 0.079511 0.116860
1 0.332942 0.052989 0.054360 0.105978
1 0.755763 0.366743 0.071106 0.141000
1 0.764173 0.519816 0.100151 0.111059
1 0.785195 0.697037 0.091740 0.100441
1 0.495020 0.909989 0.100227 0.089816
1 0.500373 0.970688 0.083411 0.058625
1 0.812680 0.944614 0.073475 0.110772
1 0.839057 0.840934 0.081886 0.100441
