0 0.766807 0.832246 0.030658 0.046360
0 0.769104 0.954897 0.056647 0.071471
0 0.693833 0.599974 0.057340 0.072434
0 0.985105 0.258574 0.029790 0.067603
0 0.964860 0.335835 0.044342 0.075331
0 0.813102 0.401989 0.043574 0.066640
0 0.580684 0.326176 0.043580 0.088853
0 0.545518 0.322313 0.049697 0.069537
0 0.497352 0.362393 0.043574 0.062772
0 0.368912 0.321831 0.052747 0.080162
0 0.244296 0.285132 0.058871 0.058912
0 0.439249 0.076044 0.063458 0.056015
1 0.804692 0.829346 0.049697 0.094647
1 0.742002 0.772364 0.063458 0.081125
1 0.918990 0.622673 0.073393 0.115890
1 0.357445 0.722629 0.086391 0.124581
1 0.174339 0.350805 0.076455 0.105272
1 0.104005 0.443518 0.088685 0.122654
1 0.799724 0.161996 0.064220 0.123625
1 0.460274 0.179379 0.100920 0.146801
0 0.104386 0.927857 0.066513 0.061816
0 0.275637 0.851077 0.057340 0.070507
0 0.649875 0.800375 0.038225 0.065676
