1 0.355533 0.634743 0.079505 0.113000
0 0.301251 0.285618 0.051991 0.077265
0 0.636077 0.892121 0.036775 0.042493
0 0.385731 0.341632 0.057340 0.071471
0 0.825716 0.322798 0.058102 0.080154
1 0.418606 0.723114 0.058865 0.081125
1 0.224034 0.748224 0.088685 0.108169
1 0.122695 0.947511 0.066589 0.104978
1 0.186918 0.964412 0.065058 0.071176
1 0.775640 0.961996 0.069569 0.076007
1 0.133781 0.070246 0.047480 0.065669
1 0.127666 0.124331 0.062771 0.075324
1 0.108935 0.521265 0.039069 0.079191
1 0.066158 0.559415 0.069569 0.107199
1 0.173574 0.306382 0.065751 0.097544
1 0.229770 0.268713 0.075687 0.103338
1 0.422427 0.419857 0.077218 0.098507
1 0.355914 0.503397 0.113912 0.118794
1 0.430073 0.636195 0.069575 0.108169
1 0.590626 0.514989 0.083335 0.089816
1 0.589095 0.404890 0.074162 0.097544
0 0.027133 0.322316 0.037538 0.054088
0 0.017215 0.144132 0.034430 0.058912
0 0.198807 0.570037 0.039756 0.062779
0 0.093300 0.639092 0.058102 0.052154
0 0.072657 0.847217 0.051985 0.039596
0 0.061572 0.875706 0.042049 0.046353
0 0.338673 0.933651 0.029127 0.054081
0 0.475908 0.729871 0.040594 0.048287
0 0.569942 0.726493 0.052829 0.066632
0 0.900256 0.791202 0.058871 0.072434
0 0.949953 0.808103 0.042049 0.079191
0 0.856682 0.839004 0.042049 0.048287
0 0.891467 0.895985 0.039756 0.052147
0 0.052782 0.026787 0.039756 0.050221
0 0.299339 0.105015 0.057340 0.077265
