0 0.655611 0.153305 0.046636 0.052154
0 0.618912 0.147026 0.046636 0.060846
0 0.769141 0.109842 0.053522 0.057949
0 0.780227 0.070728 0.052747 0.058912
0 0.822660 0.100669 0.039756 0.066632
0 0.260349 0.703316 0.052747 0.091750
0 0.362375 0.869430 0.050536 0.084022
0 0.548193 0.868945 0.056572 0.057949
0 0.578353 0.837555 0.031420 0.060846
0 0.826863 0.860735 0.043574 0.056985
0 0.788254 0.866529 0.041281 0.058912
0 0.972122 0.746294 0.045105 0.056015
0 0.966772 0.637640 0.034406 0.082088
0 0.975565 0.475390 0.039756 0.068574
0 0.840623 0.578728 0.046636 0.060838
0 0.731298 0.392816 0.043574 0.059882
0 0.684278 0.366257 0.045867 0.068574
0 0.763024 0.356118 0.036700 0.050221
0 0.812718 0.345978 0.048929 0.068574
0 0.978225 0.368188 0.043551 0.072434
0 0.898347 0.092941 0.042817 0.074368
0 0.928161 0.075077 0.044342 0.073404
0 0.323807 0.447382 0.055809 0.053118
0 0.319983 0.337287 0.055809 0.070500
0 0.135731 0.118055 0.045105 0.068566
0 0.379616 0.067349 0.051222 0.063743
0 0.326863 0.046588 0.042049 0.064706
1 0.614287 0.843349 0.045186 0.101404
1 0.853967 0.912886 0.091822 0.095610
1 0.760731 0.942680 0.113149 0.114640
1 0.342154 0.794581 0.095565 0.088853
1 0.467535 0.746772 0.103207 0.097544
1 0.377704 0.647783 0.146793 0.154522
1 0.237797 0.385088 0.169726 0.133279
0 0.985870 0.694140 0.028260 0.061809
0 0.678545 0.272577 0.042049 0.062772
0 0.706030 0.295235 0.039069 0.071588
0 0.753431 0.259059 0.040600 0.076294
