1 0.397779 0.654426 0.058714 0.112412
0 0.511877 0.056728 0.057340 0.073397
0 0.252320 0.073143 0.050460 0.059875
0 0.220594 0.094875 0.042049 0.062779
0 0.144141 0.102118 0.040518 0.071471
0 0.105917 0.074110 0.048166 0.044426
0 0.090623 0.107430 0.063458 0.060846
0 0.071729 0.254103 0.059709 0.056015
0 0.136877 0.339118 0.068807 0.071471
0 0.301251 0.359982 0.065751 0.071463
0 0.451441 0.279824 0.042125 0.056015
0 0.889173 0.370603 0.058102 0.077265
0 0.635311 0.580658 0.039831 0.060846
0 0.521781 0.625088 0.057416 0.058912
0 0.585236 0.678202 0.054360 0.066640
0 0.837529 0.727460 0.049773 0.060846
0 0.871551 0.769952 0.053591 0.051184
0 0.943070 0.838522 0.057340 0.062779
0 0.791275 0.826934 0.042887 0.068574
0 0.795480 0.763676 0.040600 0.067603
0 0.767192 0.970835 0.046711 0.056978
0 0.951100 0.972283 0.048929 0.042493
0 0.742727 0.930268 0.043650 0.072434
0 0.712948 0.958279 0.054278 0.049250
0 0.696129 0.912886 0.048161 0.060846
0 0.668225 0.951518 0.048929 0.076301
0 0.116196 0.869912 0.035244 0.059882
0 0.153277 0.865081 0.048242 0.056015
0 0.288981 0.753051 0.052061 0.073397
0 0.331414 0.720699 0.048242 0.060838
0 0.302742 0.688346 0.042887 0.056015
0 0.293949 0.638607 0.037538 0.062772
0 0.161688 0.570037 0.039069 0.064706
0 0.298196 0.471044 0.035169 0.057941
0 0.330687 0.477324 0.032875 0.056985
0 0.373882 0.486015 0.044342 0.058912
0 0.404080 0.582110 0.046636 0.050221
0 0.356639 0.568107 0.032951 0.056978
0 0.334852 0.529471 0.044418 0.053118
0 0.086380 0.351287 0.045949 0.056015
0 0.052014 0.390401 0.039756 0.055051
0 0.016068 0.361430 0.032136 0.074360
0 0.029424 0.295754 0.048242 0.060846
0 0.013393 0.268713 0.026787 0.053118
0 0.491426 0.730404 0.030582 0.034603
0 0.503213 0.787143 0.035041 0.046684
0 0.483463 0.834629 0.043958 0.051507
0 0.472634 0.796397 0.033766 0.053926
0 0.409561 0.810886 0.036315 0.049096
0 0.450652 0.764607 0.031851 0.040243
0 0.457948 0.727585 0.038923 0.048287
0 0.433737 0.699018 0.036380 0.045875
0 0.395509 0.762596 0.037654 0.041044
0 0.325431 0.816118 0.045297 0.043456
0 0.339127 0.774669 0.043388 0.052309
1 0.641359 0.298632 0.083487 0.126324
1 0.753286 0.495074 0.065140 0.090397
1 0.780809 0.576779 0.090827 0.096191
1 0.743653 0.649790 0.082567 0.124007
1 0.707413 0.773217 0.070646 0.132125
1 0.757416 0.769162 0.071560 0.077647
1 0.173926 0.910551 0.078900 0.100824
1 0.082643 0.940103 0.085320 0.101985
1 0.424386 0.876941 0.088073 0.093868
1 0.337686 0.638783 0.059633 0.104301
1 0.399616 0.273140 0.069721 0.103147
