1 0.521816 0.423239 0.081804 0.114934
0 0.929692 0.814860 0.041281 0.057941
0 0.847122 0.876673 0.050460 0.081125
0 0.504997 0.815827 0.063452 0.075331
0 0.960274 0.515471 0.053516 0.084985
0 0.886112 0.555548 0.044342 0.060846
0 0.857445 0.515471 0.040524 0.063735
0 0.569601 0.563761 0.047398 0.063743
0 0.567686 0.232015 0.061927 0.062779
0 0.576097 0.159581 0.045105 0.070500
1 0.981295 0.116607 0.035931 0.115890
1 0.957215 0.340184 0.065745 0.085956
1 0.948041 0.930754 0.050460 0.115890
1 0.894141 0.867978 0.058865 0.106235
1 0.781755 0.418893 0.080274 0.135213
1 0.091388 0.294309 0.089447 0.112029
