0 0.712948 0.116607 0.038993 0.052154
0 0.779843 0.204007 0.035169 0.037662
0 0.742381 0.319901 0.035169 0.045390
0 0.767229 0.349357 0.035937 0.042493
0 0.809278 0.384607 0.038987 0.045390
0 0.894907 0.335353 0.042049 0.062779
0 0.374645 0.220908 0.056577 0.054081
0 0.175867 0.031618 0.044342 0.061809
0 0.493912 0.845765 0.027520 0.050221
0 0.517614 0.834662 0.027520 0.041529
0 0.568073 0.796996 0.039756 0.051184
0 0.680073 0.695588 0.040518 0.058912
0 0.714479 0.676272 0.045105 0.055044
0 0.883437 0.712004 0.048166 0.060846
0 0.691120 0.877640 0.049005 0.044426
0 0.560390 0.727456 0.045949 0.064706
0 0.429269 0.677235 0.042125 0.047324
0 0.381106 0.583555 0.043655 0.045390
0 0.577971 0.482154 0.044418 0.053118
0 0.564211 0.325213 0.038306 0.050221
0 0.487756 0.252779 0.049005 0.046353
0 0.064211 0.961176 0.038306 0.047324
0 0.546243 0.854941 0.023778 0.037662
0 0.543184 0.831279 0.022247 0.040559
0 0.942267 0.219460 0.037538 0.041522
0 0.922774 0.244570 0.044418 0.049257
0 0.693414 0.482632 0.044418 0.044426
0 0.464822 0.465250 0.032183 0.054088
1 0.237756 0.503882 0.049005 0.150662
1 0.218300 0.634261 0.104738 0.084993
1 0.252322 0.734702 0.087159 0.098507
1 0.308516 0.694136 0.064983 0.092713
1 0.412107 0.825485 0.061164 0.127485
1 0.457561 0.846732 0.052829 0.123625
1 0.347506 0.940750 0.074162 0.118500
1 0.684278 0.946206 0.041281 0.063735
1 0.724761 0.942342 0.045949 0.069537
1 0.512258 0.356118 0.074924 0.150662
1 0.404042 0.144614 0.117049 0.104301
1 0.664400 0.091978 0.053516 0.116853
1 0.849799 0.344529 0.060402 0.123618
1 0.471700 0.687860 0.055122 0.105265
1 0.465204 0.537202 0.058941 0.105272
1 0.366962 0.274941 0.059709 0.069632
