0 0.832596 0.638125 0.035169 0.052147
1 0.409814 0.174551 0.113155 0.115897
1 0.261115 0.386537 0.054278 0.120721
1 0.407902 0.526577 0.066513 0.101404
1 0.365853 0.603838 0.123091 0.093676
1 0.402168 0.704279 0.099389 0.103338
1 0.518376 0.728423 0.070338 0.155493
0 0.575335 0.603842 0.040518 0.066640
0 0.621208 0.762224 0.052753 0.056978
0 0.360503 0.530441 0.045105 0.058912
0 0.174339 0.975518 0.038225 0.048963
0 0.210274 0.975033 0.036694 0.049934
0 0.894526 0.872809 0.033638 0.046353
0 0.915547 0.651647 0.042049 0.038632
0 0.951863 0.492772 0.033644 0.058912
0 0.847887 0.735184 0.039756 0.045397
0 0.596356 0.387022 0.044342 0.059882
0 0.553926 0.338250 0.043580 0.053118
0 0.399878 0.049967 0.039756 0.059875
0 0.452628 0.039827 0.068807 0.051184
0 0.474799 0.092941 0.058108 0.047324
0 0.549342 0.068801 0.051222 0.041529
0 0.526787 0.092460 0.038231 0.034772
0 0.624645 0.039827 0.035169 0.037669
0 0.852055 0.016776 0.034482 0.033551
0 0.816505 0.191934 0.035244 0.044426
0 0.599799 0.253261 0.031345 0.051184
0 0.671283 0.379779 0.038225 0.049250
0 0.726327 0.424688 0.039756 0.036699
0 0.647963 0.335838 0.034400 0.038632
0 0.706449 0.307827 0.036694 0.054081
1 0.527549 0.194831 0.107031 0.106235
1 0.649109 0.114673 0.065751 0.092713
1 0.637261 0.177449 0.080274 0.057941
1 0.758818 0.056243 0.072631 0.087882
1 0.913254 0.128676 0.087916 0.114926
1 0.755341 0.286099 0.067352 0.076301
1 0.830649 0.283199 0.077293 0.070500
0 0.810768 0.332408 0.036007 0.049346
1 0.654063 0.837364 0.079907 0.102096
1 0.606403 0.968544 0.109173 0.062912
1 0.902232 0.741809 0.073487 0.112412
1 0.843102 0.855967 0.061467 0.134434
1 0.784846 0.909276 0.044034 0.095037
1 0.771039 0.622960 0.082660 0.134551
1 0.825166 0.567390 0.099179 0.095029
1 0.658239 0.545949 0.100914 0.107779
1 0.713743 0.484529 0.088987 0.103147
1 0.777046 0.486846 0.065140 0.091559
1 0.921086 0.375007 0.050460 0.085765
1 0.866956 0.406298 0.065134 0.085757
1 0.915533 0.467143 0.056059 0.077654
1 0.665073 0.231879 0.078073 0.070699
1 0.611863 0.304312 0.083574 0.088081
