0 0.229002 0.131574 0.040518 0.055044
0 0.284048 0.028846 0.045105 0.057691
0 0.300867 0.149923 0.051222 0.056978
0 0.308906 0.188066 0.032130 0.048279
0 0.279846 0.245537 0.045873 0.058912
0 0.024875 0.342596 0.038993 0.056015
0 0.415457 0.200522 0.044977 0.045176
0 0.602200 0.107603 0.062305 0.066132
0 0.609575 0.266423 0.042398 0.058684
0 0.694561 0.233820 0.056781 0.057757
0 0.680178 0.285051 0.035396 0.054029
0 0.651423 0.289478 0.035396 0.061015
0 0.649578 0.372614 0.050879 0.042846
0 0.675940 0.413368 0.047561 0.055426
0 0.814939 0.108768 0.051985 0.075919
0 0.768297 0.072206 0.047189 0.080103
0 0.731062 0.080820 0.042031 0.054493
0 0.861394 0.495107 0.051251 0.066140
0 0.841115 0.565669 0.051985 0.066603
0 0.687739 0.507680 0.047561 0.060551
0 0.607547 0.514665 0.049400 0.055890
0 0.551688 0.564268 0.052724 0.043316
0 0.701380 0.725886 0.050512 0.054493
0 0.770879 0.774088 0.039814 0.059618
0 0.858076 0.811813 0.051251 0.063346
0 0.750600 0.838360 0.040559 0.060544
0 0.806828 0.883540 0.040186 0.054022
0 0.933658 0.819268 0.043137 0.077316
0 0.900474 0.849309 0.057887 0.061015
0 0.913565 0.909853 0.064150 0.072191
0 0.847567 0.977165 0.053097 0.045669
0 0.582107 0.985085 0.045716 0.029831
0 0.545236 0.808088 0.046455 0.047500
0 0.542657 0.762676 0.042765 0.052632
0 0.486432 0.608283 0.051246 0.063346
0 0.474447 0.557750 0.031711 0.042382
0 0.450850 0.533062 0.043504 0.059154
0 0.455090 0.487886 0.043137 0.045184
0 0.387066 0.460640 0.041292 0.057750
0 0.361810 0.520721 0.035763 0.056824
0 0.334712 0.584294 0.031705 0.049838
0 0.312593 0.606640 0.036129 0.047015
0 0.278300 0.623188 0.039080 0.048434
0 0.011397 0.492313 0.022794 0.044713
0 0.035335 0.535390 0.042031 0.039588
0 0.073120 0.570574 0.035751 0.044676
0 0.038283 0.591283 0.036868 0.037728
0 0.064642 0.641118 0.040925 0.055426
0 0.122899 0.659048 0.035029 0.042846
0 0.155896 0.690018 0.036135 0.043316
0 0.148708 0.723555 0.041665 0.047037
0 0.100960 0.702831 0.036868 0.056824
0 0.179307 0.738460 0.035763 0.055419
0 0.158661 0.812511 0.039453 0.044243
0 0.119395 0.814379 0.035390 0.046110
0 0.138565 0.789228 0.039820 0.036794
0 0.214147 0.820665 0.044243 0.047507
0 0.100038 0.765007 0.035768 0.047971
0 0.049712 0.732636 0.036874 0.052169
0 0.029249 0.706320 0.041665 0.043316
0 0.184284 0.946879 0.042771 0.053096
0 0.338399 0.945018 0.036135 0.042846
0 0.296368 0.978331 0.036868 0.043338
0 0.974584 0.955732 0.043137 0.055890
0 0.664328 0.555188 0.042031 0.051228
1 0.316772 0.099511 0.076455 0.076301
1 0.353850 0.185463 0.058865 0.099471
1 0.590090 0.036960 0.083335 0.073919
1 0.698268 0.105305 0.050460 0.082096
1 0.670745 0.169048 0.048929 0.062772
1 0.453623 0.390210 0.073393 0.089816
1 0.419983 0.308118 0.061164 0.085956
1 0.734165 0.444776 0.071938 0.179640
1 0.765125 0.587713 0.068120 0.106235
1 0.755611 0.695393 0.110093 0.089816
1 0.414630 0.534110 0.058108 0.124588
1 0.530073 0.676081 0.071868 0.080162
1 0.543073 0.518658 0.088685 0.066640
1 0.654692 0.963831 0.073399 0.072338
1 0.821740 0.934423 0.087916 0.059875
1 0.880992 0.928143 0.047398 0.084022
1 0.392803 0.915592 0.063533 0.116860
1 0.343874 0.871651 0.071182 0.102375
1 0.270096 0.790040 0.084173 0.089816
1 0.235349 0.937272 0.083329 0.125456
1 0.045326 0.460710 0.056647 0.107199
1 0.025739 0.656765 0.051478 0.076294
1 0.489173 0.200434 0.104738 0.142941
