0 0.962937 0.450232 0.046187 0.038228
1 0.027331 0.480007 0.054662 0.129794
1 0.219339 0.413368 0.070646 0.091559
1 0.294109 0.494496 0.099080 0.117051
1 0.352369 0.364695 0.081653 0.121684
1 0.205119 0.240688 0.064220 0.147184
1 0.263376 0.277195 0.079814 0.115890
1 0.467049 0.133489 0.076147 0.118213
1 0.373466 0.049463 0.068807 0.084603
1 0.118423 0.029077 0.090827 0.058154
1 0.039063 0.089449 0.056880 0.113574
1 0.551452 0.269662 0.077980 0.084603
1 0.455119 0.378022 0.063300 0.085765
1 0.416129 0.337460 0.044040 0.076493
1 0.321176 0.275456 0.061467 0.089235
1 0.310626 0.175206 0.049540 0.055618
1 0.629430 0.679342 0.100000 0.104301
1 0.535396 0.893746 0.066054 0.099669
1 0.495486 0.782489 0.098166 0.074169
1 0.862459 0.634147 0.055966 0.108941
1 0.791816 0.677026 0.072480 0.083449
1 0.841816 0.734971 0.036694 0.064897
1 0.940442 0.702522 0.052293 0.095029
1 0.763836 0.456250 0.062386 0.079971
0 0.506953 0.397143 0.049540 0.135596
0 0.466589 0.025603 0.104587 0.051206
0 0.140442 0.117261 0.048626 0.048669
0 0.053286 0.311963 0.044953 0.053309
0 0.028513 0.367011 0.041286 0.047522
1 0.063836 0.497971 0.029360 0.070691
1 0.480349 0.506085 0.034866 0.038243
1 0.399450 0.542298 0.033359 0.050404
0 0.477599 0.250537 0.040367 0.048676
0 0.634019 0.197805 0.039447 0.045199
0 0.679430 0.144496 0.038533 0.052154
0 0.684019 0.076118 0.033033 0.047515
0 0.711999 0.106250 0.032113 0.042882
0 0.747322 0.143919 0.036694 0.048676
0 0.703743 0.274294 0.037614 0.047515
0 0.598239 0.400621 0.043114 0.059110
0 0.721633 0.914026 0.058714 0.052154
0 0.771275 0.592085 0.037695 0.045610
0 0.787177 0.617232 0.026065 0.032860
0 0.963734 0.604489 0.040355 0.050301
0 0.884895 0.553853 0.032386 0.044265
0 0.957095 0.411000 0.043003 0.036221
0 0.986380 0.569952 0.027241 0.040243
0 0.879051 0.776853 0.031327 0.035544
0 0.691106 0.498188 0.036636 0.048287
0 0.771807 0.340915 0.039820 0.050301
0 0.468120 0.428776 0.031327 0.044934
0 0.495195 0.644062 0.034511 0.036890
0 0.333300 0.131945 0.035041 0.039434
0 0.378850 0.204379 0.038225 0.045875
