1 0.944945 0.501467 0.079587 0.107199
1 0.784395 0.779610 0.058184 0.111059
0 0.615818 0.712971 0.037538 0.047324
0 0.657483 0.745809 0.042893 0.060838
0 0.060003 0.961658 0.042125 0.054081
0 0.016834 0.923511 0.033667 0.049257
1 0.049339 0.111776 0.066513 0.100434
1 0.016068 0.231048 0.032136 0.078228
1 0.177782 0.342114 0.112386 0.134243
1 0.366237 0.265816 0.120797 0.113000
1 0.665166 0.344044 0.091740 0.099471
1 0.957215 0.765125 0.070332 0.087882
1 0.642957 0.973585 0.056647 0.052831
1 0.754959 0.950890 0.066589 0.098221
1 0.706412 0.900331 0.068888 0.087882
1 0.102477 0.416478 0.068807 0.099471
1 0.156717 0.554099 0.047474 0.081125
1 0.099418 0.540581 0.070338 0.102368
1 0.545134 0.689309 0.096333 0.096574
0 0.607404 0.674824 0.034482 0.056015
0 0.821088 0.665647 0.055122 0.076294
0 0.896781 0.450283 0.041362 0.060846
0 0.748079 0.288511 0.039069 0.069537
0 0.584852 0.616879 0.044418 0.069537
0 0.363903 0.929309 0.053591 0.053118
0 0.397544 0.794099 0.039837 0.055051
0 0.487759 0.631846 0.033714 0.053118
0 0.438827 0.635228 0.042893 0.050221
0 0.243108 0.614945 0.041362 0.046360
0 0.234700 0.650676 0.047480 0.044426
0 0.208705 0.619290 0.033719 0.056978
0 0.169331 0.648750 0.034482 0.050221
0 0.122698 0.642956 0.051298 0.050221
0 0.048577 0.178897 0.040518 0.051191
0 0.100946 0.137853 0.056572 0.073397
1 0.588714 0.801338 0.128440 0.106235
