1 0.918987 0.805202 0.110093 0.081125
0 0.024875 0.602390 0.038993 0.084985
0 0.048193 0.925441 0.067282 0.049250
0 0.014921 0.865033 0.029843 0.052243
0 0.030227 0.813415 0.051222 0.072434
0 0.049724 0.776232 0.045873 0.075331
0 0.085658 0.814860 0.044342 0.050221
0 0.088292 0.761743 0.049773 0.056015
0 0.547046 0.973585 0.060402 0.052831
0 0.253047 0.943309 0.056653 0.077265
0 0.559278 0.749188 0.049697 0.077257
0 0.616237 0.785404 0.059633 0.062779
0 0.611228 0.724077 0.049767 0.059875
0 0.661726 0.364327 0.048166 0.068566
0 0.558513 0.589835 0.071100 0.054081
0 0.376938 0.661783 0.056577 0.066640
0 0.308897 0.541544 0.064220 0.088853
0 0.197276 0.468632 0.050454 0.074368
0 0.360885 0.360945 0.065751 0.065669
0 0.250373 0.243555 0.042130 0.093772
0 0.209124 0.232934 0.052753 0.082191
0 0.197276 0.181746 0.055041 0.051287
0 0.259546 0.176000 0.052829 0.066632
0 0.199951 0.133026 0.066513 0.069537
1 0.195745 0.913371 0.084098 0.135213
1 0.932369 0.209801 0.058871 0.165147
1 0.530227 0.651643 0.109325 0.098507
