0 0.151787 0.709592 0.055809 0.071463
1 0.321473 0.293824 0.069651 0.124588
1 0.255763 0.052507 0.074156 0.105015
1 0.047008 0.148474 0.074237 0.121684
1 0.498460 0.024982 0.075000 0.049963
1 0.635693 0.039471 0.060477 0.078941
1 0.691886 0.266298 0.065821 0.081125
0 0.805035 0.912404 0.053597 0.059882
0 0.866964 0.917717 0.075000 0.066640
0 0.582215 0.818243 0.045105 0.058912
0 0.463714 0.139301 0.051222 0.043456
0 0.371970 0.159096 0.054278 0.056015
0 0.924339 0.034515 0.051985 0.048294
0 0.884203 0.056724 0.046636 0.057949
0 0.905611 0.447868 0.042049 0.077265
0 0.571895 0.873776 0.047398 0.054081
0 0.566542 0.613015 0.036694 0.057941
0 0.529846 0.599978 0.032113 0.058912
0 0.098653 0.902265 0.038225 0.047324
0 0.396054 0.581625 0.035169 0.068574
0 0.204537 0.430963 0.052753 0.058912
0 0.267229 0.311210 0.043574 0.072434
0 0.282902 0.246500 0.056572 0.058912
1 0.952232 0.320857 0.095536 0.128434
1 0.964846 0.554570 0.070308 0.122625
1 0.568414 0.676272 0.060471 0.062779
1 0.512986 0.741463 0.050536 0.083059
1 0.480114 0.697518 0.067352 0.082096
1 0.655955 0.953787 0.081118 0.092426
1 0.214057 0.649713 0.067357 0.133279
1 0.454881 0.589353 0.088760 0.103338
1 0.407867 0.204974 0.072707 0.093684
